Battle Walk Keyframes
AnimationID = 12360311616
FPS = 30
Length = 1
Frames = 30

FRAME 1
TIME 0
Left Shoulder|0.3766089081764221,-0.04783502221107483,-0.012633763253688812|0.8365474343299866,0.5066695809364319,-0.2085048407316208|-0.5325625538825989,0.8413529396057129,-0.09220832586288452|0.12870700657367706,0.18817850947380066,0.9736648797988892
Right Shoulder|0.19241219758987427,-0.3184787333011627,0.0680340975522995|0.4609624147415161,0.7788045406341553,-0.42541414499282837|-0.8200324773788452,0.5570623874664307,0.13125693798065186|0.33920568227767944,0.28834885358810425,0.895429790019989
Neck|-0.00001987899304367602,0.00014830433065071702,-0.000025765315513126552|0.9976451992988586,0.06822545826435089,-0.007025100756436586|-0.06830285489559174,0.9975990653038025,-0.011439270339906216|0.0062277852557599545,0.011892166920006275,0.9999098777770996
Right Hip|0.13349150121212006,-0.15226590633392334,-0.00018882716540247202|0.6935554146766663,-0.720403254032135,4.397338937423001e-09|0.720403254032135,0.6935554146766663,-1.3256792330551548e-09|-2.0947745760224734e-09,4.087289617871193e-09,1
Left Hip|-0.17120246589183807,0.052708595991134644,-0.0022830762900412083|0.8709521293640137,-0.491367906332016,4.518210872106465e-08|0.491367906332016,0.8709521293640137,4.870896574971084e-08|-6.328546930944867e-08,-2.022214218300178e-08,1
RootJoint|0,-0.0032378695905208588,0.025586441159248352|0.9995557069778442,-0.02980307675898075,0.0004069791466463357|0.029805855825543404,0.9994624853134155,-0.013647562824189663|-6.402842700481415e-10,0.013653629459440708,0.9999067783355713

FRAME 2
TIME 0.05000000447034836
Left Shoulder|-0.2328474521636963,-0.37318381667137146,0.10905024409294128|0.42819544672966003,-0.7807807922363281,0.4550057053565979|0.7919155359268188,0.5667546987533569,0.22728635370731354|-0.4353374242782593,0.26300305128097534,0.8609941601753235
Right Shoulder|-0.3860718309879303,-0.040168050676584244,-0.015960868448019028|0.8867250680923462,-0.4544655382633209,0.0847335010766983|0.4587381184101105,0.8876920342445374,-0.03952576965093613|-0.05725415050983429,0.07391897588968277,0.9956194162368774
Neck|-0.000047326087951660156,-0.0000514984130859375,0.0000035762786865234375|0.9999552369117737,0.00885275099426508,-0.0033454466611146927|-0.008889948017895222,0.9998969435691833,-0.011269957758486271|0.003245309926569462,0.011299199424684048,0.9999308586120605
Right Hip|0.1999581754207611,-0.029140248894691467,0.00016210608009714633|0.8610073924064636,0.5085924863815308,-3.224983613492327e-09|-0.5085924863815308,0.8610073924064636,-7.058150952587994e-09|-8.12987233089757e-10,7.717322780820268e-09,1
Left Hip|-0.4411565363407135,-0.3080340325832367,-0.000050581907999003306|0.6324014067649841,0.7746408581733704,-1.688996054127756e-09|-0.7746408581733704,0.6324014067649841,-1.3581522573247184e-08|-9.452678639831902e-09,9.897338948405832e-09,1
RootJoint|0,0.00093841552734375,-0.007400572299957275|0.9992385506629944,0.03901347145438194,-0.0005327652906998992|-0.03901710733771324,0.9991453886032104,-0.013643973506987095|-3.6088749766349792e-09,0.013654370792210102,0.9999067783355713

FRAME 3
TIME 0.07083334028720856
Left Shoulder|-0.22913192212581635,-0.3712003529071808,0.10830840468406677|0.4375229775905609,-0.7764410972595215,0.45355576276779175|0.787891149520874,0.5741075873374939,0.22277362644672394|-0.43336039781570435,0.2598839998245239,0.8629363179206848
Right Shoulder|-0.38254514336586,-0.04186475649476051,-0.01544879749417305|0.8909872770309448,-0.44666343927383423,0.08144550025463104|0.45076268911361694,0.8917062282562256,-0.040902163833379745|-0.05435595288872719,0.07315590977668762,0.9958381652832031
Neck|-0.00003883242607116699,-0.000053882598876953125,0.0000032782554626464844|0.9999376535415649,0.010621930472552776,-0.0034469934180378914|-0.010660198517143726,0.9998795390129089,-0.011277815327048302|0.0033267620019614697,0.011313864961266518,0.9999304413795471
Right Hip|0.24051375687122345,-0.022869961336255074,0.00012157956371083856|0.8943228721618652,0.44742220640182495,-2.2393915610763315e-09|-0.44742220640182495,0.8943228721618652,-5.390243362768388e-09|-4.0897502051606693e-10,5.822571313984781e-09,1
Left Hip|-0.5176115036010742,-0.32002493739128113,-0.00003984379509347491|0.6126300096511841,0.7903698086738586,-1.0579803699783952e-10|-0.7903698086738586,0.6126300096511841,-1.1150862455622246e-08|-8.748490820664756e-09,6.914972594529445e-09,1
RootJoint|0,0.0013294219970703125,-0.01048414409160614|0.9993095993995667,0.0371500663459301,-0.0005073141073808074|-0.03715353086590767,0.9992164373397827,-0.013645118102431297|2.153683453798294e-09,0.013654544949531555,0.9999067783355713

FRAME 4
TIME 0.10000000894069672
Left Shoulder|-0.21873663365840912,-0.3656509816646576,0.10623288154602051|0.4633656144142151,-0.7638565301895142,0.44923895597457886|0.776160478591919,0.5944613814353943,0.2102157473564148|-0.42762988805770874,0.2512747645378113,0.8683280944824219
Right Shoulder|-0.37267813086509705,-0.046611811965703964,-0.014016123488545418|0.9024817943572998,-0.42463818192481995,0.07217319309711456|0.428242951631546,0.9025622010231018,-0.04460258409380913|-0.04620083048939705,0.071160688996315,0.9963943362236023
Neck|-0.000026941299438476562,-0.000057220458984375,0.00000286102294921875|0.9999077320098877,0.01309871580451727,-0.003589174011722207|-0.0131384814158082,0.9998499751091003,-0.011288527399301529|0.0034407612401992083,0.011334644630551338,0.9999298453330994
Right Hip|0.2972915768623352,-0.014091560617089272,0.00006484243203885853|0.9336419701576233,0.3582075536251068,-1.0563396823926041e-09|-0.3582075536251068,0.9336419701576233,-2.939495757914301e-09|-6.67066402115779e-11,3.1228255537030236e-09,1
Left Hip|-0.62464839220047,-0.33681219816207886,-0.000024810433387756348|0.584295928478241,0.8115406632423401,2.2009913891452015e-09|-0.8115406632423401,0.584295928478241,-7.834152881969203e-09|-7.643763844100704e-09,2.7912689937181767e-09,1
RootJoint|0,0.0018768310546875,-0.01480114459991455|0.9994032382965088,0.03453809395432472,-0.00047163403360173106|-0.03454131260514259,0.9993100762367249,-0.013645491562783718|1.4566467143595219e-08,0.013653640635311604,0.9999067783355713

FRAME 5
TIME 0.15416668355464935
Left Shoulder|-0.175773024559021,-0.3427155315876007,0.09765476733446121|0.5657874345779419,-0.7051344513893127,0.427399218082428|0.7205074429512024,0.6748391389846802,0.15956568717956543|-0.4009409546852112,0.21766403317451477,0.8898700475692749
Right Shoulder|-0.33189791440963745,-0.06623131036758423,-0.008094901219010353|0.9431178569793701,-0.33083391189575195,0.03282708302140236|0.3322460651397705,0.9414389729499817,-0.05749155953526497|-0.011884541250765324,0.06512798368930817,0.9978061318397522
Neck|-0.00001245737075805664,-0.00005388259523897432,8.940691031966708e-07|0.9996888637542725,0.024611322209239006,-0.004065312910825014|-0.024655861780047417,0.9996321797370911,-0.011295788921415806|0.0037858267314732075,0.011392503045499325,0.9999279379844666
Right Hip|0.3035506010055542,-0.022326374426484108,0|0.9789323806762695,0.20418468117713928,0|-0.20418468117713928,0.9789323806762695,0|0,0,1
Left Hip|-0.7960872054100037,-0.29277077317237854,-0.000006437348019971978|0.5859208106994629,0.8103682994842529,4.27495816524015e-09|-0.8103682994842529,0.5859208106994629,-3.4413645266795356e-09|-5.293559368624301e-09,-1.4479234478059766e-09,1
RootJoint|0,-0.0008354198653250933,0.006617182865738869|0.9996454119682312,0.026626773178577423,-0.0003635957255028188|-0.0266292542219162,0.9995521903038025,-0.013648804277181625|1.7855199985206127e-08,0.013653647154569626,0.9999067783355713

FRAME 6
TIME 0.1833333522081375
Left Shoulder|-0.135490283370018,-0.32121121883392334,0.08961191773414612|0.6544387936592102,-0.6408464312553406,0.40128010511398315|0.6583769917488098,0.7439500093460083,0.11435969173908234|-0.37181931734085083,0.18935216963291168,0.90878826379776
Right Shoulder|-0.29366230964660645,-0.08462659269571304,-0.002543153241276741|0.970860481262207,-0.2395876795053482,-0.005262983962893486|0.23873241245746613,0.968843400478363,-0.06594934314489365|0.02089964784681797,0.06277116388082504,0.997809112071991
Neck|-0.000011205673217773438,-0.00004386901491670869,-0.0000011920933502551634|0.9993137717247009,0.036765310913324356,-0.004504690878093243|-0.03681414946913719,0.9992583990097046,-0.011285868473351002|0.0040864162147045135,0.011443962343037128,0.9999261498451233
Right Hip|0.22146880626678467,-0.04790054261684418,0|0.9906742572784424,0.13625173270702362,0|-0.13625173270702362,0.9906742572784424,0|0,0,1
Left Hip|-0.8648424744606018,-0.2042531818151474,-0.0000047684056880825665|0.6329947710037231,0.7741560339927673,3.255845593130857e-09|-0.7741560339927673,0.6329947710037231,-2.4652879737629974e-09|-3.969450990126688e-09,-9.600178429991502e-10,1
RootJoint|0,-0.005508423782885075,0.04351002722978592|0.9998054504394531,0.019724778831005096,-0.00026933863409794867|-0.019726619124412537,0.9997122287750244,-0.013650821521878242|2.176966518163681e-08,0.013653477653861046,0.9999067783355713

FRAME 7
TIME 0.208333358168602
Left Shoulder|-0.08904209733009338,-0.2964155673980713,0.08033807575702667|0.7462998628616333,-0.5567343235015869,0.36480605602264404|0.5758196115493774,0.8149328231811523,0.06569788604974747|-0.33386868238449097,0.16103214025497437,0.9287627935409546
Right Shoulder|-0.24957461655139923,-0.10583733767271042,0.003858311101794243|0.9900195598602295,-0.13171938061714172,-0.05011279881000519|0.12800797820091248,0.9892138242721558,-0.07120421528816223|0.058951236307621,0.06407873332500458,0.9962021112442017
Neck|-0.000010132788702321704,-0.000035285942431073636,-0.000002980233148264233|0.9988747239112854,0.047174882143735886,-0.004880732391029596|-0.0472274012863636,0.9988206028938293,-0.011272164061665535|0.004343219567090273,0.011489981785416603,0.9999245405197144
Right Hip|0.15111295878887177,-0.06982126832008362,0|0.9969926476478577,0.07749621570110321,0|-0.07749621570110321,0.9969926476478577,0|0,0,1
Left Hip|-0.9237755537033081,-0.1283809393644333,-0.00000333788329953677|0.6715730428695679,0.7409383654594421,2.330863502209013e-09|-0.7409383654594421,0.6715730428695679,-1.6732915053552233e-09|-2.8051512224180897e-09,-6.03288696776616e-10,1
RootJoint|0,-0.009513857774436474,0.07513248175382614|0.9999046921730042,0.01380788255482912,-0.00018853627261705697|-0.01380916964262724,0.9998114705085754,-0.013652085326611996|2.3355823941528797e-08,0.013653387315571308,0.9999067783355713

FRAME 8
TIME 0.23333336412906647
Left Shoulder|-0.029995128512382507,-0.2648942470550537,0.0685487687587738|0.8447586297988892,-0.4365631341934204,0.3095085024833679|0.45608747005462646,0.8898748159408569,0.01034776121377945|-0.27994126081466675,0.1324215829372406,0.9508403539657593
Right Shoulder|-0.19352838397026062,-0.1328013837337494,0.011996135115623474|0.9941623210906982,0.007194685749709606,-0.10765436291694641|-0.01488329004496336,0.9973803758621216,-0.07078713178634644|0.10686305165290833,0.07197615504264832,0.9916651248931885
Neck|-0.000009059905096364673,-0.000026702873583417386,-0.000004768372491525952|0.9983269572257996,0.05758245289325714,-0.00525705749168992|-0.05763867497444153,0.9982740879058838,-0.011255583725869656|0.004599869716912508,0.011539758183062077,0.9999228119850159
Right Hip|0.08075711131095886,-0.09174198657274246,0|0.9998294115066528,0.018471283838152885,0|-0.018471283838152885,0.9998294115066528,0|0,0,1
Left Hip|-0.9827085733413696,-0.05250871181488037,-0.000001907361365738325|0.7084106206893921,0.7058005332946777,1.360535017980169e-09|-0.7058005332946777,0.7084106206893921,-9.251538424237538e-10|-1.6167915894982343e-09,-3.048775398806214e-10,1
RootJoint|0,-0.01351928897202015,0.10675491392612457|0.9999688863754272,0.00789041817188263,-0.00010774146358016878|-0.007891153916716576,0.9998756647109985,-0.013652926310896873|9.629729902371764e-09,0.013653350993990898,0.9999067783355713

FRAME 9
TIME 0.2875000536441803
Left Shoulder|0.1371660828590393,-0.17565783858299255,0.03517337143421173|0.9927272796630859,-0.04494723677635193,0.11167915910482407|0.0557979941368103,0.9938146471977234,-0.0960158109664917|-0.1066727265715599,0.10154899954795837,0.9890949130058289
Right Shoulder|-0.034862220287323,-0.2091362178325653,0.03503420948982239|0.8846207857131958,0.3848409652709961,-0.26333150267601013|-0.40548574924468994,0.9137070775032043,-0.026845350861549377|0.23027664422988892,0.130525141954422,0.9643318057060242
Neck|-0.000025510822524665855,0.0001611712941667065,-0.00003300612297607586|0.9975420236587524,0.06982983648777008,-0.005801123566925526|-0.06989167630672455,0.997491180896759,-0.011245276778936386|0.005001307465136051,0.011623090133070946,0.9999199509620667
Right Hip|0.006816187873482704,-0.12003061175346375,-0.000021457732145790942|0.9916173219680786,-0.1292095184326172,9.473175577312531e-10|0.1292095184326172,0.9916173219680786,4.720738383534595e-11|-9.454761418226099e-10,7.559067954909793e-11,1
Left Hip|-0.9448287487030029,0.06387626379728317,0.0000214577103179181|0.8621948957443237,0.5065767168998718,1.7348816827578162e-11|-0.5065767168998718,0.8621948957443237,3.478294319236852e-10|1.6124422630436896e-10,-3.0868524403260267e-10,1
RootJoint|0,-0.019150733947753906,0.15123498439788818|0.9999990463256836,-0.0013897179160267115,0.00001897626498248428|0.001389847369864583,0.9999058246612549,-0.013653518632054329|-7.958078640513122e-10,0.013653531670570374,0.9999067783355713

FRAME 10
TIME 0.31666672229766846
Left Shoulder|0.2127259373664856,-0.13532139360904694,0.020087100565433502|0.9901137351989746,0.1398802548646927,0.010404614731669426|-0.13776038587093353,0.983703076839447,-0.11554355174303055|-0.026397326961159706,0.11296791583299637,0.993247926235199
Right Shoulder|0.03685769438743591,-0.24364091455936432,0.04544782638549805|0.7803964614868164,0.5343109965324402,-0.3247971534729004|-0.5613670945167542,0.8274734616279602,0.012436233460903168|0.2754058241844177,0.17262524366378784,0.9457019567489624
Neck|-0.00005054477878729813,0.0004081730148755014,-0.00006920105079188943|0.9976978302001953,0.06756231188774109,-0.005860612262040377|-0.06762507557868958,0.9976471662521362,-0.011270152404904366|0.005085383076220751,0.011640531942248344,0.9999192953109741
Right Hip|0.03462965786457062,-0.1187160462141037,-0.000051498507673386484|0.9744559526443481,-0.2245786041021347,2.262154463750221e-09|0.2245786041021347,0.9744559526443481,2.229998685709944e-10|-2.254450848226952e-09,2.9072841356558854e-10,1
Left Hip|-0.7817888259887695,0.08518713712692261,0.000051498456741683185|0.9629704356193542,0.26960697770118713,-6.676692532181505e-11|-0.26960697770118713,0.9629704356193542,8.404402174200243e-10|2.908831786552213e-10,-7.913182886731818e-10,1
RootJoint|0,-0.019557952880859375,0.1544785499572754|0.9999944567680359,-0.0033353136386722326,0.00004554087354335934|0.003335624700412154,0.9999012351036072,-0.013653677888214588|-3.945388016290963e-09,0.013653754256665707,0.9999067783355713

FRAME 11
TIME 0.34166672825813293
Left Shoulder|0.2632056772708893,-0.10837355256080627,0.0100083127617836|0.9638235569000244,0.26007768511772156,-0.05834122747182846|-0.2653510868549347,0.9569127559661865,-0.11792684346437454|0.025157323107123375,0.12914158403873444,0.9913070201873779
Right Shoulder|0.08477210998535156,-0.2666926980018616,0.05240492522716522|0.6942492723464966,0.6225951313972473,-0.3610999584197998|-0.6540225148200989,0.7551593780517578,0.044596873223781586|0.3004538416862488,0.20520615577697754,0.9314600825309753
Neck|-0.00007200245454441756,0.0006198887131176889,-0.00010022526839748025|0.9978272914886475,0.06561808288097382,-0.005911523941904306|-0.06568165123462677,0.9977767467498779,-0.011291529051959515|0.005157459992915392,0.011655271984636784,0.9999187588691711
Right Hip|0.05846977233886719,-0.11758927255868912,-0.00007724773604422808|0.9524548649787903,-0.3046797811985016,3.370160817084411e-09|0.3046797811985016,0.9524548649787903,4.742650716593744e-10|-3.354424960022584e-09,5.751032983170035e-10,1
Left Hip|-0.6420403718948364,0.10345359146595001,0.00007724766328465194|0.9986658096313477,0.051639359444379807,-2.3947488436704134e-10|-0.051639359444379807,0.9986658096313477,1.2456082831846516e-09|3.034772433352373e-10,-1.2315801711793029e-09,1
RootJoint|0,-0.019906997680664062,0.1572587490081787|0.9999874830245972,-0.005002955440431833,0.00006831755308667198|0.005003422033041716,0.9998942613601685,-0.013653780333697796|5.311449058353901e-10,0.013653951697051525,0.9999067783355713

FRAME 12
TIME 0.3666667342185974
Left Shoulder|0.30209439992904663,-0.08761340379714966,0.0022437870502471924|0.9305067658424377,0.349071741104126,-0.11093249171972275|-0.36082905530929565,0.9256502985954285,-0.11390295624732971|0.06292439252138138,0.14601513743400574,0.9872791171073914
Right Shoulder|0.12168455123901367,-0.2844513952732086,0.057764552533626556|0.6199004650115967,0.6831644177436829,-0.38601768016815186|-0.7179720997810364,0.6923115253448486,0.07225419580936432|0.31660598516464233,0.23235954344272614,0.919657289981842
Neck|-0.00009346014121547341,0.0008316045277751982,-0.0001312495005549863|0.9979528784751892,0.06367525458335876,-0.0059625632129609585|-0.06373962759971619,0.9979024529457092,-0.011313292197883129|0.0052296859212219715,0.011670180596411228,0.9999182224273682
Right Hip|0.08230989426374435,-0.11646249890327454,-0.0001029969789669849|0.9238806366920471,-0.3826807737350464,4.452584079217559e-09|0.3826807737350464,0.9238806366920471,8.16463507913312e-10|-4.42610126327736e-09,9.496033959166539e-10,1
Left Hip|-0.5022919178009033,0.12172005325555801,0.0001029968771035783|0.9856424927711487,-0.16884584724903107,-5.002119829455864e-10|0.16884584724903107,0.9856424927711487,1.6136311176140339e-09|2.2057568271893757e-10,-1.6749220899114903e-09,1
RootJoint|0,-0.02025604248046875,0.16003894805908203|0.9999777674674988,-0.006670581642538309,0.00009108151425607502|0.006671203766018152,0.9998845458030701,-0.013653847388923168|-7.49787432141602e-09,0.013654151000082493,0.9999067783355713

FRAME 13
TIME 0.41666674613952637
Left Shoulder|0.35114628076553345,-0.06142783164978027,-0.007549896836280823|0.8729405403137207,0.4550427496433258,-0.17581483721733093|-0.4758707582950592,0.8736211061477661,-0.1016518622636795|0.10733961313962936,0.17240117490291595,0.9791609048843384
Right Shoulder|0.16824358701705933,-0.3068511188030243,0.06452485173940659|0.5174597501754761,0.7493049502372742,-0.41325223445892334|-0.7883544564247131,0.6052543520927429,0.1102919951081276|0.3327651023864746,0.26871758699417114,0.9039126634597778
Neck|-0.00010693066724343225,0.0009708398720249534,-0.0001508592686150223|0.9980483055114746,0.06214049831032753,-0.006177648901939392|-0.06220770254731178,0.9979985952377319,-0.011356890201568604|0.005459563806653023,0.011719021946191788,0.9999164342880249
Right Hip|0.1169700026512146,-0.12048698961734772,-0.00014495864161290228|0.8535335659980774,-0.5210378766059875,5.56993073885792e-09|0.5210378766059875,0.8535335659980774,1.02689634573494e-09|-5.289174875855451e-09,2.0256543109553604e-09,1
Left Hip|-0.2945150136947632,0.13224300742149353,-0.00022125399846117944|0.8906567096710205,-0.4546763598918915,6.023334275795378e-09|0.4546763598918915,0.8906567096710205,8.799820427896066e-09|-9.365793474103157e-09,-5.0989505950838065e-09,1
RootJoint|0,-0.01813124492764473,0.14327755570411682|0.9999280571937561,-0.01199227012693882,0.00016377060092054307|0.011993387714028358,0.9998348355293274,-0.01365328673273325|1.0848452802747488e-08,0.013654268346726894,0.9999067783355713

FRAME 14
TIME 0.44166675209999084
Left Shoulder|0.3643331527709961,-0.054388225078582764,-0.010182790458202362|0.8546308875083923,0.48209625482559204,-0.19284528493881226|-0.5055187344551086,0.8573435544967651,-0.09701980650424957|0.1185617744922638,0.18040300905704498,0.9764209389686584
Right Shoulder|0.18076032400131226,-0.312872976064682,0.06634226441383362|0.48845967650413513,0.7650085687637329,-0.4197249412536621|-0.8051888942718506,0.5805314779281616,0.12105370312929153|0.33627063035964966,0.2788280248641968,0.8995426893234253
Neck|-0.00008422129758400843,0.0007562631508335471,-0.00011822571832453832|0.9979466795921326,0.06372909247875214,-0.006398784462362528|-0.0637989342212677,0.9978978633880615,-0.011379042640328407|0.005660151597112417,0.011763917282223701,0.9999147653579712
Right Hip|0.1212799996137619,-0.12877723574638367,-0.00015640271885786206|0.8168131113052368,-0.5769023299217224,5.197821728586405e-09|0.5769023299217224,0.8168131113052368,4.353671867463049e-10|-4.4968135881617854e-09,2.643022245507609e-09,1
Left Hip|-0.26234617829322815,0.11149468272924423,-0.0007591262692585588|0.8856639266014099,-0.4643268287181854,1.6410991676707454e-08|0.4643268287181854,0.8856639266014099,1.9065389267325372e-08|-2.3387196179669445e-08,-9.265463063456991e-09,1
RootJoint|0,-0.014245975762605667,0.11257520318031311|0.9998615384101868,-0.01663932017982006,0.000227216980420053|0.01664086990058422,0.9997683167457581,-0.013652163557708263|-1.724401954561472e-09,0.013654054142534733,0.9999067783355713

FRAME 15
TIME 0.4666667580604553
Left Shoulder|0.37197649478912354,-0.05030795931816101,-0.011708855628967285|0.8434876203536987,0.4974677562713623,-0.20261871814727783|-0.5224223136901855,0.8474807739257812,-0.09408019483089447|0.12491360306739807,0.1852080374956131,0.9747279286384583
Right Shoulder|0.18801522254943848,-0.3163633346557617,0.0673956573009491|0.47139397263526917,0.7736924290657043,-0.4233056306838989|-0.8145256638526917,0.5659687519073486,0.1273861825466156|0.3381355404853821,0.2847442328929901,0.8969866037368774
Neck|-0.00006151192064862698,0.000541686313226819,-0.00008559216803405434|0.9978426694869995,0.06531567126512527,-0.0066197533160448074|-0.06538816541433334,0.9977947473526001,-0.011400516144931316|0.00586051307618618,0.011808780021965504,0.9999130964279175
Right Hip|0.1255899965763092,-0.13706746697425842,-0.00016784679610282183|0.7764415144920349,-0.6301892995834351,4.871950842755268e-09|0.6301892995834351,0.7764415144920349,-1.7385526351887393e-10|-3.6732232810976484e-09,3.205240073356208e-09,1
Left Hip|-0.23017734289169312,0.09074635058641434,-0.0012969988165423274|0.8805665969848633,-0.4739224910736084,2.667774268161338e-08|0.4739224910736084,0.8805665969848633,2.943459165294371e-08|-3.744124299487339e-08,-1.3275940347057258e-08,1
RootJoint|0,-0.01036070566624403,0.0818728432059288|0.999773383140564,-0.021285949274897575,0.00029067505965940654|0.021287934854626656,0.9996801614761353,-0.013650782406330109|3.055902197957039e-09,0.013653876259922981,0.9999067783355713

FRAME 16
TIME 0.5166667699813843
Left Shoulder|0.37668007612228394,-0.04779699444770813,-0.012647978961467743|0.8364396691322327,0.5068103671073914,-0.20859509706497192|-0.532717764377594,0.8412578105926514,-0.09217901527881622|0.12876498699188232,0.18822450935840607,0.9736483097076416
Right Shoulder|0.19247978925704956,-0.3185112476348877,0.06804390996694565|0.4608015716075897,0.7788822054862976,-0.42544621229171753|-0.8201162219047546,0.5569250583648682,0.1313166320323944|0.3392218351364136,0.2884044051170349,0.8954057693481445
Neck|-0.000016093181329779327,0.00011253287084400654,-0.000020325082005001605|0.9976268410682678,0.06848987191915512,-0.007061945740133524|-0.06856771558523178,0.997580885887146,-0.011442713439464569|0.006261161062866449,0.011899774894118309,0.9999095797538757
Right Hip|0.134210005402565,-0.15364795923233032,-0.0001907349651446566|0.6854820847511292,-0.728089451789856,4.362160854753938e-09|0.728089451789856,0.6854820847511292,-1.432101326415136e-09|-1.9474857282375524e-09,4.157723054731832e-09,1
Left Hip|-0.16583970189094543,0.04924970865249634,-0.0023727433290332556|0.8700605630874634,-0.4929448962211609,4.6844213841268356e-08|0.4929448962211609,0.8700605630874634,5.047840545557847e-08|-6.564037136058687e-08,-2.0827661373346018e-08,1
RootJoint|0,-0.0025901664048433304,0.020468130707740784|0.9995323419570923,-0.03057744912803173,0.000417542876675725|0.030580298975110054,0.9994391202926636,-0.013647224754095078|-1.1481461115181446e-08,0.013653609901666641,0.9999067783355713

FRAME 17
TIME 0.5416667461395264
Left Shoulder|0.37674084305763245,-0.04776458442211151,-0.01266010757535696|0.8363476991653442,0.506930410861969,-0.20867209136486053|-0.5328502058982849,0.8411767482757568,-0.09215401113033295|0.1288144439458847,0.18826375901699066,0.9736342430114746
Right Shoulder|0.19253744184970856,-0.31853899359703064,0.068052276968956|0.460664302110672,0.7789484262466431,-0.42547351121902466|-0.8201875686645508,0.556807816028595,0.1313675343990326|0.33923548460006714,0.28845176100730896,0.8953852653503418
Neck|-0.0000057816828302748036,-0.000031471259717363864,0.000001281498839489359|0.9974157810211182,0.07150505483150482,-0.006981555838137865|-0.07158176600933075,0.9973691701889038,-0.011437119916081429|0.006145376246422529,0.011907316744327545,0.9999102354049683
Right Hip|0.1688964068889618,-0.17241746187210083,-0.0001940727379405871|0.6404769420623779,-0.7679774165153503,4.746415260825643e-09|0.7679774165153503,0.6404769420623779,-8.790400629621331e-10|-2.364886508843256e-09,4.2081444995289985e-09,1
Left Hip|-0.1392364203929901,0.03402697294950485,-0.0027146339416503906|0.8789252042770386,-0.47695961594581604,5.242053902065891e-08|0.47695961594581604,0.8789252042770386,5.380186962611333e-08|-7.173505167656913e-08,-2.2285336243044185e-08,1
RootJoint|0,0.0001573573099449277,-0.0012401127023622394|0.9993860721588135,-0.035031888633966446,0.00047839852049946785|0.0350351519882679,0.9992928504943848,-0.0136462626978755|1.4246325008571148e-08,0.013654646463692188,0.9999067783355713

FRAME 18
TIME 0.5666667222976685
Left Shoulder|0.3758631646633148,-0.04823310673236847,-0.01248487364500761|0.8376742005348206,0.5051942467689514,-0.2075592279434204|-0.5309355854988098,0.8423470258712769,-0.09251425415277481|0.128099262714386,0.1876973807811737,0.9738379120826721
Right Shoulder|0.1917043775320053,-0.3181381821632385,0.06793132424354553|0.4626459777355194,0.777989387512207,-0.4250779151916504|-0.8191537857055664,0.5585000514984131,0.130632221698761|0.3390365242958069,0.2877677083015442,0.8956807255744934
Neck|-0.000020265597413526848,-0.00003433227902860381,8.344644584212801e-07|0.9969820380210876,0.07737623900175095,-0.006298032123595476|-0.07744423300027847,0.9969316720962524,-0.011381969787180424|0.005398007575422525,0.011835369281470776,0.999915361404419
Right Hip|0.26433491706848145,-0.21214528381824493,-0.00018119809101335704|0.6039233207702637,-0.7970423698425293,6.183111800339702e-09|0.7970423698425293,0.6039233207702637,2.0955037705050472e-09|-5.404331204772461e-09,3.6626786048543636e-09,0.9999999403953552
Left Hip|-0.12376401573419571,0.02985524572432041,-0.0026645660400390625|0.9128336906433105,-0.40833160281181335,4.8749917880286375e-08|0.40833160281181335,0.9128336906433105,4.2632073871118337e-08|-6.190858670152011e-08,-1.9009867457953078e-08,1
RootJoint|0,0.0006294256309047341,-0.004960422404110432|0.9992352724075317,-0.03909611701965332,0.0005338876508176327|0.039099760353565216,0.9991421699523926,-0.013643852435052395|8.731149137020111e-11,0.013654294423758984,0.9999067783355713

FRAME 19
TIME 0.6166666746139526
Left Shoulder|0.3628239631652832,-0.05519388988614082,-0.009881464764475822|0.8567854166030884,0.47903376817703247,-0.19090674817562103|-0.5021561980247498,0.8592541217803955,-0.09757824242115021|0.11729414761066437,0.17946861684322357,0.9767462015151978
Right Shoulder|0.1793278157711029,-0.31218379735946655,0.0661342665553093|0.4918077886104584,0.7632572650909424,-0.419002890586853|-0.8033084869384766,0.5833873748779297,0.11981132626533508|0.3358878493309021,0.2776644229888916,0.9000454545021057
Neck|-0.000049233425670536235,-0.0000400543212890625,-5.960441740171518e-08|0.9960097074508667,0.0891086682677269,-0.004930173512548208|-0.08915948122739792,0.9959534406661987,-0.011283701285719872|0.003904747311025858,0.011678248643875122,0.9999241828918457
Right Hip|0.45521193742752075,-0.29160091280937195,-0.00015544881171081215|0.5269479751586914,-0.849897563457489,8.610730795055588e-09|0.849897563457489,0.5269479751586914,8.168302478850364e-09|-1.1479627026744765e-08,3.013968630227737e-09,1
Left Hip|-0.0928192287683487,0.021511796861886978,-0.0025644302368164062|0.9644352793693542,-0.2643190324306488,3.895142697274423e-08|0.2643190324306488,0.9644352793693542,2.1269151773140038e-08|-4.318797408586761e-08,-1.0217110713028887e-08,1
RootJoint|0,0.001573562272824347,-0.012401041574776173|0.9988840818405151,-0.04722458869218826,0.0006448890781030059|0.047228991985321045,0.998790979385376,-0.013639229349792004|-5.529727786779404e-09,0.013654465787112713,0.9999067783355713

FRAME 20
TIME 0.6458333730697632
Left Shoulder|0.34247973561286926,-0.0660543441772461,-0.005819537211209536|0.8843328356742859,0.43691006302833557,-0.16451475024223328|-0.4560675323009491,0.8838014602661133,-0.10439030826091766|0.09978920221328735,0.16734559834003448,0.9808351397514343
Right Shoulder|0.1600174605846405,-0.3028935194015503,0.06333043426275253|0.5361999273300171,0.7384942770004272,-0.4087981581687927|-0.776797890663147,0.6212138533592224,0.10333678871393204|0.330264687538147,0.2621443271636963,0.9067555665969849
Neck|-0.00006613136065425351,-0.000043392181396484375,-5.81145513933734e-07|0.9953778386116028,0.09594742953777313,-0.004131949041038752|-0.09598839282989502,0.9953190684318542,-0.011233997531235218|0.0030347369611263275,0.011578691191971302,0.99992835521698
Right Hip|0.5665571093559265,-0.33795011043548584,-0.00014042836846783757|0.47987988591194153,-0.8773341774940491,9.749275164949722e-09|0.8773341774940491,0.47987988591194153,1.1768676699830394e-08|-1.500354329664333e-08,2.9058222494882102e-09,1
Left Hip|-0.0747680589556694,0.01664477400481701,-0.0025060176849365234|0.9841685891151428,-0.17723475396633148,3.179436092182186e-08|0.17723475396633148,0.9841685891151428,9.564248060200953e-09|-3.2986132936230206e-08,-3.777761659051748e-09,1
RootJoint|0,0.0021243097726255655,-0.01674141176044941|0.9986487627029419,-0.05196304991841316,0.0007095907349139452|0.05196789279580116,0.9985556602478027,-0.013635708019137383|-1.4813849702477455e-08,0.013654159381985664,0.9999067783355713

FRAME 21
TIME 0.6666666865348816
Left Shoulder|0.3196941912174225,-0.07821804285049438,-0.0012701796367764473|0.9118033647537231,0.38799187541007996,-0.13445018231868744|-0.4028942286968231,0.9085613489151001,-0.11041942238807678|0.07931439578533173,0.15485000610351562,0.9847490191459656
Right Shoulder|0.13838988542556763,-0.2924883961677551,0.06019014120101929|0.5841872096061707,0.708261251449585,-0.39634767174720764|-0.7445956468582153,0.6620147824287415,0.08552117645740509|0.3229593336582184,0.245158389210701,0.9141087532043457
Neck|-0.0000782012939453125,-0.0000457763671875,-9.5367431640625e-07|0.9948973655700684,0.10082926601171494,-0.0035616536624729633|-0.1008632704615593,0.99483722448349,-0.01120187807828188|0.002413787879049778,0.011503960005939007,0.9999309182167053
Right Hip|0.6460891962051392,-0.3710566461086273,-0.00012969948875252157|0.44538018107414246,-0.8953415751457214,1.0436435715632797e-08|0.8953415751457214,0.44538018107414246,1.4358524147439766e-08|-1.7503964500065194e-08,2.9491706854400945e-09,1
Left Hip|-0.0618743896484375,0.0131683349609375,-0.00246429443359375|0.9934662580490112,-0.11412639915943146,2.606924098813579e-08|0.11412639915943146,0.9934662580490112,1.6090777599231387e-09|-2.6082549453576576e-08,1.376614378045815e-09,1
RootJoint|0,0.0025177001953125,-0.019841670989990234|0.9984667897224426,-0.05534886568784714,0.0007558393408544362|0.055354028940200806,0.9983736872673035,-0.013633554801344872|-4.831235855817795e-09,0.013654490932822227,0.9999067783355713

FRAME 22
TIME 0.7166666388511658
Left Shoulder|0.22841963171958923,-0.12694355845451355,0.016953693702816963|0.9840257167816162,0.17768894135951996,-0.010958216153085232|-0.17773868143558502,0.9770730137825012,-0.11720610409975052|-0.01011923048645258,0.11728151887655258,0.9930471777915955
Right Shoulder|0.051753848791122437,-0.250807523727417,0.047610726207494736|0.7549459338188171,0.562852144241333,-0.3365323543548584|-0.591262698173523,0.8061800599098206,0.021955691277980804|0.28366345167160034,0.18240368366241455,0.9414159059524536
Neck|-0.00006604196096304804,-0.00005722044807043858,-2.3841926122258883e-07|0.9960025548934937,0.08928901702165604,-0.002527295146137476|-0.08931202441453934,0.9959396719932556,-0.011289919726550579|0.00150896271225065,0.011470506899058819,0.9999330639839172
Right Hip|0.8965332508087158,-0.19841817021369934,-0.00008106222958303988|0.553094208240509,-0.8331186175346375,7.146917280209664e-09|0.8331186175346375,0.553094208240509,8.646106941512244e-09|-1.115615155811156e-08,1.1721184023372189e-09,0.9999999403953552
Left Hip|-0.02483562007546425,-0.06739155948162079,-0.0015401849523186684|0.9995110034942627,-0.03126963973045349,1.6328675300769646e-08|0.03126963973045349,0.9995110034942627,3.2815578032696635e-10|-1.6330952590237757e-08,1.825774531560853e-10,1
RootJoint|0,-0.00785063672810793,0.062004610896110535|0.9994009137153625,-0.034605029970407486,0.00047255493700504303|0.034608256071805954,0.9993077516555786,-0.013645618222653866|-1.1394149623811245e-08,0.013653798960149288,0.9999067783355713

FRAME 23
TIME 0.7458332777023315
Left Shoulder|0.14576305449008942,-0.1710684895515442,0.03345689922571182|0.9946647882461548,-0.02383890561759472,0.10036755353212357|0.03384330868721008,0.9944931268692017,-0.09918686002492905|-0.09745033830404282,0.10205443948507309,0.9899941086769104
Right Shoulder|-0.0267021507024765,-0.21306204795837402,0.0362190380692482|0.8743647336959839,0.40275129675865173,-0.270698606967926|-0.42411360144615173,0.9053182005882263,-0.022947613149881363|0.23582619428634644,0.13487155735492706,0.9623906016349792
Neck|-0.000058949011872755364,-0.00006389616464730352,1.7881291114463238e-07|0.9965848326683044,0.08255257457494736,-0.0019234477076679468|-0.08256915956735611,0.9965208768844604,-0.011335991322994232|0.0009809399489313364,0.011456094682216644,0.9999338984489441
Right Hip|1.0426256656646729,-0.09771236777305603,-0.00005269048415357247|0.6120780110359192,-0.7907974123954773,4.874731729387349e-09|0.7907974123954773,0.6120780110359192,5.479456888224377e-09|-7.316856454053777e-09,5.010696302321094e-10,1
Left Hip|-0.003229670226573944,-0.11438482999801636,-0.001001120894216001|0.9998521208763123,0.017198024317622185,1.0616224344062175e-08|-0.017198024317622185,0.9998521208763123,-4.396192090916351e-11|-1.061541077262973e-08,-1.3860065872783878e-10,1
RootJoint|0,-0.013898834586143494,0.10974827408790588|0.9997469186782837,-0.02249443158507347,0.00030714954482391477|0.022496528923511505,0.9996537566184998,-0.013649240136146545|-3.442983143031597e-08,0.013652695342898369,0.9999067783355713

FRAME 24
TIME 0.791666567325592
Left Shoulder|-0.017194122076034546,-0.25806063413619995,0.06599291414022446|0.863156259059906,-0.40884295105934143,0.29632535576820374|0.42822661995887756,0.9036712050437927,-0.000563204288482666|-0.26755043864250183,0.1273805797100067,0.955086886882782
Right Shoulder|-0.18137791752815247,-0.13864700496196747,0.013760365545749664|0.9920615553855896,0.03729330375790596,-0.12009639292955399|-0.04589143022894859,0.9965159296989441,-0.06964211165904999|0.11708078533411026,0.07460065186023712,0.9903165698051453
Neck|-0.00004780295421369374,-0.00007438656757585704,8.344634352397406e-07|0.9974073171615601,0.07195688039064407,-0.0009738114895299077|-0.07196331769227982,0.9973421692848206,-0.011399977840483189|0.00015092248213477433,0.011440499685704708,0.9999345541000366
Right Hip|1.2721993923187256,0.060539573431015015,-0.00000810632627690211|0.6981363892555237,-0.7159647941589355,8.033946841123907e-10|0.7159647941589355,0.6981363892555237,8.054618083619403e-10|-1.1375613784281313e-09,1.2880058131159444e-11,1
Left Hip|0.030722536146640778,-0.18823140859603882,-0.00015402049757540226|0.9956438541412354,0.09323818981647491,1.6312895478876044e-09|-0.09323818981647491,0.9956438541412354,-6.892911935674206e-11|-1.6306103134411387e-09,-8.346883600962585e-11,1
RootJoint|0,-0.023403145372867584,0.18477404117584229|0.9999940395355225,-0.003461061278358102,0.000047257413825718686|0.003461383981630206,0.9999008178710938,-0.013653143309056759|-6.843038136139512e-09,0.013653225265443325,0.9999067783355713

FRAME 25
TIME 0.8166665434837341
Left Shoulder|-0.0865277349948883,-0.29507333040237427,0.07983606308698654|0.7509270310401917,-0.5519015192985535,0.3626475930213928|0.5710412859916687,0.818486213684082,0.06318387389183044|-0.3316933512687683,0.15964025259017944,0.929781973361969
Right Shoulder|-0.2471880316734314,-0.10698552429676056,0.004204839468002319|0.9906589984893799,-0.12582692503929138,-0.0525580532848835|0.1219538152217865,0.989967942237854,-0.07134910672903061|0.06100843474268913,0.06427297741174698,0.9960657358169556
Neck|-0.00003822650251095183,-0.00007375083077931777,9.5367431640625e-07|0.9980577230453491,0.06229468062520027,-0.0004149556625634432|-0.062295351177453995,0.9979922771453857,-0.011434962041676044|-0.00029820448253303766,0.011438601650297642,0.9999345541000366
Right Hip|1.203034520149231,0.11073745787143707,0.0000050862236093962565|0.8293405771255493,-0.558743417263031,-1.1182609525872689e-11|0.558743417263031,0.8293405771255493,3.661215428052422e-11|-1.1182609525872689e-11,-3.661215428052422e-11,1
Left Hip|0.029248613864183426,-0.21441417932510376,0.0012028919300064445|0.9840754270553589,0.17775142192840576,-1.0919387616326048e-09|-0.17775142192840576,0.9840754270553589,-1.249039538464558e-09|8.525316008700656e-10,1.423242634857047e-09,1
RootJoint|0,-0.02492014691233635,0.1967618614435196|0.999976634979248,0.006839313544332981,-0.00009338374366052449|-0.006839951500296593,0.9998834133148193,-0.013652823865413666|7.683411240577698e-09,0.013653142377734184,0.9999067783355713

FRAME 26
TIME 0.8458331823348999
Left Shoulder|-0.14665836095809937,-0.327173113822937,0.09184173494577408|0.6306455731391907,-0.6595175266265869,0.40905097126960754|0.676522970199585,0.7254511117935181,0.12663832306861877|-0.3802666962146759,0.19686850905418396,0.9036813974380493
Right Shoulder|-0.30426284670829773,-0.07952664792537689,-0.004082329571247101|0.9641930460929871,-0.26514676213264465,0.0053908019326627254|0.2649401128292084,0.9621410965919495,-0.06396324932575226|0.011772923171520233,0.0631011575460434,0.9979376792907715
Neck|-0.00002501414746802766,-0.0000693003530614078,9.5367431640625e-07|0.9988109469413757,0.04875047877430916,0.0002612195967230946|-0.04874427989125252,0.9987453818321228,-0.011470917612314224|-0.0008201095042750239,0.011444544419646263,0.999934196472168
Right Hip|1.0089473724365234,0.1482304036617279,0.00001398717904521618|0.9637152552604675,-0.2669324576854706,-1.4345495277789944e-11|0.2669324576854706,0.9637152552604675,1.055341092293105e-10|-1.4345495277789944e-11,-1.055341092293105e-10,1
Left Hip|0.015866028144955635,-0.2367372214794159,0.0033079679124057293|0.9542099237442017,0.29913774132728577,-3.2036184816064406e-09|-0.29913774132728577,0.9542099237442017,-3.2323521637067643e-09|2.0900057240424985e-09,4.042666201797829e-09,1
RootJoint|0,-0.02455075830221176,0.19386835396289825|0.9998230934143066,0.01880705915391445,-0.0002567893243394792|-0.018808813765645027,0.9997299313545227,-0.01365047786384821|2.2686435841023922e-08,0.013652893714606762,0.9999067783355713

FRAME 27
TIME 0.8916664719581604
Left Shoulder|-0.20425713062286377,-0.3579213321208954,0.10334190726280212|0.4987054169178009,-0.7452552914619446,0.44259175658226013|0.7586780190467834,0.6222500801086426,0.19290536642074585|-0.41916653513908386,0.23958167433738708,0.8757282495498657
Right Shoulder|-0.3589344620704651,-0.05322393774986267,-0.012020565569400787|0.9174242615699768,-0.393498957157135,0.059087421745061874|0.3963913917541504,0.9167525172233582,-0.049383003264665604|-0.03473638370633125,0.06872691214084625,0.9970306158065796
Neck|-0.000004251876816852018,-0.00006230674625840038,9.5367431640625e-07|0.9996224045753479,0.02744610793888569,0.0013247396564111114|-0.02742907591164112,0.9995574951171875,-0.011508660390973091|-0.0016400065505877137,0.011467980220913887,0.9999328851699829
Right Hip|0.7039533853530884,0.20714791119098663,0.00002797439447022043|0.9720948338508606,0.23458819091320038,2.5178636953171463e-11|-0.23458819091320038,0.9720948338508606,2.1166728092492093e-10|2.5178636953171463e-11,-2.1166728092492093e-10,1
Left Hip|-0.005163751542568207,-0.27181628346443176,0.00661594420671463|0.8774078488349915,0.47974514961242676,-6.964702148337665e-09|-0.47974514961242676,0.8774078488349915,-5.76668579554962e-09|3.3443439129143826e-09,8.401017659309673e-09,1
RootJoint|0,-0.023970287293195724,0.18932141363620758|0.9992923736572266,0.03760906681418419,-0.0005135569372214377|-0.03761257603764534,0.9991992712020874,-0.013644268736243248|-1.862645149230957e-09,0.013653930276632309,0.9999067783355713

FRAME 28
TIME 0.9166664481163025
Left Shoulder|-0.22093236446380615,-0.36682313680648804,0.1066712811589241|0.45793893933296204,-0.766568660736084,0.4501825273036957|0.7786957025527954,0.5901894569396973,0.21285957098007202|-0.4288645088672638,0.25307855010032654,0.8671945333480835
Right Shoulder|-0.37476229667663574,-0.045609116554260254,-0.014318741858005524|0.9001069664955139,-0.42931413650512695,0.0741405040025711|0.433024525642395,0.9003154039382935,-0.043839529156684875|-0.04792889952659607,0.0715649276971817,0.996283769607544
Neck|-0.0000116823757707607,-0.000058492056268732995,0.0000015099776646820828|0.9997913837432861,0.020411068573594093,0.0007485971436835825|-0.020401151850819588,0.9997261166572571,-0.011463422328233719|-0.0009823901345953345,0.011445757001638412,0.9999340176582336
Right Hip|0.557520866394043,0.17418603599071503,0.00006865914474474266|0.9245506525039673,0.38105911016464233,-6.902111659989885e-10|-0.38105911016464233,0.9245506525039673,-1.759992707128788e-09|-3.2526314974745674e-11,1.890213763289239e-09,1
Left Hip|-0.05043313652276993,-0.27837133407592773,0.0060017951764166355|0.8340768814086914,0.5516482591629028,-7.005101831936145e-09|-0.5516482591629028,0.8340768814086914,-8.352347258266946e-09|1.2352363576439984e-09,1.083085177100429e-08,1
RootJoint|0,-0.01988733559846878,0.15707927942276|0.9991409778594971,0.04143545776605606,-0.0005658169975504279|-0.04143931716680527,0.9990478754043579,-0.013642141595482826|-7.0140231400728226e-09,0.013653870671987534,0.9999067783355713

FRAME 29
TIME 0.9416664242744446
Left Shoulder|-0.23008495569229126,-0.37170910835266113,0.10849868506193161|0.4351350665092468,-0.7775622606277466,0.4539322555065155|0.7889318466186523,0.5722254514694214,0.22392988204956055|-0.43387100100517273,0.2606818675994873,0.8624389171600342
Right Shoulder|-0.3834497332572937,-0.0414295494556427,-0.015580140054225922|0.8899016380310059,-0.4486684203147888,0.08229023963212967|0.4528123140335083,0.8906831741333008,-0.04055182263255119|-0.0551002100110054,0.07334916293621063,0.9957830309867859
Neck|-0.000028490865588537417,-0.0000546773626410868,0.00000234444178204285|0.9998771548271179,0.015670092776417732,-0.00040612713200971484|-0.015673702582716942,0.9998122453689575,-0.011393106542527676|0.0002275079459650442,0.011398072354495525,0.9999350309371948
Right Hip|0.4210525155067444,0.10867377370595932,0.00012587211676873267|0.8851948976516724,0.4652204215526581,-2.004507893005325e-09|-0.4652204215526581,0.8851948976516724,-4.63665816852199e-09|-3.8268749280589986e-10,5.036883798936742e-09,1
Left Hip|-0.11260237544775009,-0.2786366939544678,0.004178357310593128|0.7920178771018982,0.6104978919029236,-6.1803273609939424e-09|-0.6104978919029236,0.7920178771018982,-1.170444363651768e-08|-2.2506088104279343e-09,1.3043205626672716e-08,1
RootJoint|0,-0.013921156525611877,0.10995566844940186|0.9991152882575989,0.042050328105688095,-0.0005742167122662067|-0.04205424711108208,0.9990221858024597,-0.013641830533742905|-2.8812792152166367e-09,0.013653909787535667,0.9999067783355713

FRAME 30
TIME 0.9916664361953735
Left Shoulder|-0.23484933376312256,-0.3742525279521942,0.10944994539022446|0.4231503903865814,-0.7830840349197388,0.45576637983322144|0.7940467596054077,0.5627762675285339,0.2297227680683136|-0.43638676404953003,0.2646925151348114,0.8599443435668945
Right Shoulder|-0.38797199726104736,-0.03925386071205139,-0.016236767172813416|0.8843952417373657,-0.4586533308029175,0.0864991694688797|0.463018536567688,0.8855001330375671,-0.03877250477671623|-0.05881188437342644,0.07434093952178955,0.9954971671104431
Neck|-0.00006210788706084713,-0.0000470479681098368,0.000004013371835753787|0.999977171421051,0.00618718471378088,-0.0027165855281054974|-0.006217428483068943,0.9999171495437622,-0.011268939822912216|0.0026466334238648415,0.011285573244094849,0.9999328255653381
Right Hip|0.14811551570892334,-0.022350892424583435,0.00024029819178394973|0.7839612364768982,0.6208097338676453,-5.3802358124244165e-09|-0.6208097338676453,0.7839612364768982,-9.919640220346082e-09|-1.9403141315876837e-09,1.1116716436276874e-08,1
Left Hip|-0.23694100975990295,-0.27916741371154785,0.0005314764566719532|0.6957076191902161,0.7183250188827515,-5.305447636771987e-09|-0.7183250188827515,0.6957076191902161,-1.8484445973854235e-08|-9.586799798455559e-09,1.6670806957108653e-08,1
RootJoint|0,-0.0019887834787368774,0.015708327293395996|0.9990627765655518,0.043280038982629776,-0.0005910149775445461|-0.04328407719731331,0.9989696741104126,-0.013641200959682465|6.024492904543877e-09,0.013653997331857681,0.9999067783355713
